&W U

11τ9111ω1111911911111ι1119119 1111 91111. φιτ 11111119 ωε

11191111 ’1911 Ι111911. 1111111918111111119 111131111111111
1111 φι11111111111119 1111119111 119111 11111911. 111911
1119119911991, 11 111 91111111 119111119111111191.

ι.110.11111111191ι1 ............. 444
1111119111. 11119

(1.1 11. 1111111119 ,,,,,,,,,,,,,, 147

11111111111111118119111111111111111 1191111911111, 11111
11191111111111111 1111111111 11111111 111, 1ιι 11111191,
&estu 91 ιτιιιι111.ι 111111111111111911111111911 1111

3111111119911111111911 81 11111119.

ξ 9111111ξέ 121111111ῖῆ199 11111911111111119111911111191111111 ⁴⁶⁰
991991119911191911911 1111 tinem 8111911191 91911 11ι

ΜΜΜΜ
1119111111111111.

911. φ1ι91111911111111191 ..........
1119 111 1111911111 1111 191 1111 1111 1111111111 8119191111

1111 1111111111111111111111...

{Itum ιιιι 1111111111 9111111111 118119 1111111 8111119.

1. 1111111911111111111111111 11191

ι. 911. 1111111111111119111191 ....... 411 ’

φ11 111119111111191 1111911191911111111111 81191191111119
111 letrau 8119, ιιιι9 11111111 1118119111111111 1111111111
1111111τ1191.(1ιι.1 111111111111111191111911111111111
119111111111 3111111111 111 9111. φιι 11 1911119111

9ὡε1911111119ο111191111111 11111 11111 11111119 91, 1111 111 119 1ιι
..1111111111111131 11111111111111111

11191119 111 811911 1111911111 ut 11111911 81 911
9ι9ιιι111ιι 91111 111111 68ιτιτιὶ1ιιιι911191 119 11111111 119

1. 1111 3111111119 111191

Ι. 111. ἦ111111111911111. u 1119111114 ..... 414

1119 1111111111119111 111911 111199119111811911 11111111
119111 811911 9111111 9 1111111 8119111911191, 1111 1111
1119111111111.111931“111119ιιιι 111911 11 111111 8111111·
51111111111111 111111111111”’11111111“
1111111111111111 1111111ιιι
1111111111 1191111911 11911111111111111ιιιιι 1111119111

 

