154 1111 11111111. stitus 1111111.

1111 111 11111111 111 1111 11111 111 61111111 111111 11,
111111. 11111111 ex possessione servitutis 111111 1111111
· 11111 11111111, 111 1111111111111111111 111 111 1111111
¹ 11111111111111111111111 111111111111111111. 1111 11111111
111111 11111 1111 11111 111 111111 1111111111, 1111 111111
1111111111111111 1111 1111111111 1111111111). 111 11111 11
111111111111 11111 1111111, 1111 11111 sane 111 11111 1111111111
11 1111111111 1111 111111,

11111 111111 111 11 111 {susse 111 1111111111111
1111111111 111111, 111 111 11111111111111111 111 11111111
111 111 1111111111111111 1111111 111111 111 1111 1111111111.
11111111111111 1111 1111 1111111111 1111111, 111 11111111
1111111 111111 11 1111111111 111111). 1111 1111111111 111111
1111111111 111 11111 11111 1111111, 111 111111111111111,
1111111111 111 1111111111111 111111111111111, 1111 111
111111 11111111. 1111111 111111 1111 1111111 1111 3111111111
111111 111 111 1111111111 111 1111111111111111111 111
111111111111311 111 15111111 1111 ς11111111 1111 111
1111 54111 1111111111 1111111111 11111.

11111141111111 111111 11 11111111111111 113 1 10
1111111, 11111 11 111111 11111111111111, 11111111 111 11111111
111, 1111 1111 1111111111 11111. 11 111111 11111, 111 11111111
111 11111 1111 1111111 1111111111 1111 111 111111111 11111.
11111111 1111111111 111 1111111111 111 eine 1111 1111111111
1111111 11111 11111111 111 11111, 1111111111111111111111
11 11111111 1111111111, 1111 111111 11111111111111 111 111111,

111 111111 1111 1111111111 11111111

¹) 1111111, 111. 111 1111. Q. 11, 111111 es 1111111111,111 111 1111111
1111 1111111111 1111. 311 11111, 1111111111111111 1111111 11111111
ssetmfquiae 11111111111111111 11111111, 111111 111 1111111111,
’ Q 111, 11111111 11111111 111 1111111, 1111111111. Q 111, 11111111
aasz} &kanutum 11111 11 111111 111111 1111111111, 111111 suet 111
11111111 11111111111111111111 11111111. 1111. 11111111, 111111, Q 41,
111 1111111111, 31111111 1111 11111111.111.1,Θ.111-111.

1) 1111111111, Q 180.

 

